version https://git-lfs.github.com/spec/v1
oid sha256:9f3aa632eca50351b957d4c3b904feca426b6206b8ed6fd8ada945eec9922e40
size 653
